2
2 0 0
2 1 0

2
2 0 19
2 1 19

4
3 0 58
3 1 58
2 0 24
2 1 24

1
3 0 61

3
3 1 61
2 0 46
2 1 46

2
2 0 1
2 1 1

2
2 0 12
2 1 12

2
2 0 14
2 1 14

2
2 0 15
2 1 15

2
2 0 20
2 1 20

2
2 0 25
2 1 25

2
2 0 41
2 1 41

2
2 0 42
2 1 42

2
2 0 43
2 1 43

2
2 0 45
2 1 45

2
2 0 52
2 1 52

2
2 0 53
2 1 53

2
2 0 62
2 1 62

2
2 0 63
2 1 63

2
3 0 3
3 1 3

2
3 0 4
3 1 4

2
3 0 9
3 1 9 

2
3 0 13
3 1 13

2
3 0 15
3 1 15

2
3 0 23
3 1 23

2
3 0 30
3 1 30

2
3 0 35
3 1 35

2
3 0 39
3 1 39

2
3 0 40
3 1 40

2
3 0 46
3 1 46

2
3 0 56
3 1 56

2
3 0 57
3 1 57